version https://git-lfs.github.com/spec/v1
oid sha256:ce34b1673f001f785809b55ad12831c2748efa8f82d8d72b497386afed4d9e45
size 8731
